175
31.7716 -161.418 0
30.8865 -158.869 0
30.0162 -156.341 0
29.1608 -153.83 0
28.3201 -151.332 0
27.4939 -148.844 0
26.6823 -146.36 0
25.8851 -143.876 0
25.1023 -141.388 0
24.3337 -138.893 0
23.5793 -136.384 0
22.839 -133.859 0
22.1126 -131.313 0
21.4002 -128.741 0
20.7015 -126.14 0
20.0166 -123.505 0
19.3453 -120.832 0
18.6875 -118.116 0
18.0432 -115.354 0
17.4122 -112.541 0
16.7945 -109.672 0
16.19 -106.744 0
15.5986 -103.753 0
15.1029 -101.113 0
14.6524 -98.4544 0
14.2825 -95.8071 0
14.0288 -93.2027 0
13.9267 -90.6723 0
14.0118 -88.2469 0
14.3195 -85.9577 0
14.8852 -83.8358 0
15.7446 -81.9123 0
16.933 -80.2184 0
18.2989 -78.9122 0
19.9194 -77.8001 0
21.7553 -76.8655 0
23.7672 -76.092 0
25.9159 -75.4627 0
28.1622 -74.9613 0
30.4669 -74.571 0
32.7908 -74.2754 0
35.636 -74.0215 0
38.449 -73.8848 0
41.228 -73.863 0
43.9718 -73.9544 0
46.6787 -74.1567 0
49.3474 -74.4681 0
51.9762 -74.8866 0
54.5638 -75.41 0
57.1087 -76.0365 0
59.6093 -76.7639 0
62.0641 -77.5904 0
64.4718 -78.5138 0
66.8307 -79.5322 0
69.1394 -80.6436 0
71.3965 -81.8459 0
73.6004 -83.1372 0
75.8109 -84.5559 0
77.9656 -86.0621 0
80.0666 -87.6513 0
82.116 -89.3189 0
84.1158 -91.0605 0
86.0683 -92.8715 0
87.9755 -94.7473 0
89.8395 -96.6835 0
91.6625 -98.6754 0
93.4465 -100.719 0
95.1937 -102.808 0
96.9062 -104.94 0
98.5861 -107.11 0
100.236 -109.313 0
101.857 -111.544 0
103.451 -113.799 0
105.022 -116.074 0
106.571 -118.364 0
108.099 -120.664 0
109.61 -122.97 0
111.035 -125.17 0
112.44 -127.373 0
113.822 -129.58 0
115.177 -131.795 0
116.498 -134.018 0
117.783 -136.252 0
119.026 -138.498 0
120.223 -140.759 0
121.369 -143.036 0
122.46 -145.331 0
123.491 -147.647 0
124.458 -149.984 0
125.356 -152.345 0
126.18 -154.732 0
126.926 -157.141 0
127.596 -159.576 0
128.193 -162.035 0
128.718 -164.517 0
129.173 -167.02 0
129.561 -169.543 0
129.883 -172.083 0
130.142 -174.639 0
130.339 -177.21 0
130.477 -179.795 0
130.556 -182.39 0
130.581 -184.996 0
130.551 -187.61 0
130.471 -190.231 0
130.34 -192.838 0
130.153 -195.443 0
129.902 -198.041 0
129.581 -200.625 0
129.18 -203.19 0
128.693 -205.729 0
128.112 -208.237 0
127.43 -210.706 0
126.638 -213.132 0
125.73 -215.507 0
124.697 -217.826 0
123.533 -220.083 0
122.229 -222.271 0
120.779 -224.385 0
119.543 -225.972 0
118.214 -227.485 0
116.792 -228.9 0
115.276 -230.193 0
113.668 -231.338 0
111.967 -232.311 0
110.171 -233.097 0
108.297 -233.704 0
106.362 -234.154 0
104.379 -234.463 0
102.366 -234.654 0
100.336 -234.744 0
97.8091 -234.74 0
95.2888 -234.612 0
92.7813 -234.362 0
90.2931 -233.991 0
87.8307 -233.501 0
85.4008 -232.892 0
83.0098 -232.166 0
80.6644 -231.325 0
78.371 -230.37 0
76.1363 -229.301 0
73.9667 -228.121 0
71.8689 -226.831 0
69.835 -225.424 0
67.8776 -223.913 0
65.9937 -222.308 0
64.18 -220.617 0
62.4331 -218.845 0
60.7499 -217.003 0
59.127 -215.096 0
57.5612 -213.133 0
56.0492 -211.123 0
54.5879 -209.071 0
53.1738 -206.987 0
51.8038 -204.878 0
50.3901 -202.611 0
49.0216 -200.326 0
47.6964 -198.023 0
46.413 -195.703 0
45.1696 -193.366 0
43.9646 -191.013 0
42.7963 -188.644 0
41.663 -186.261 0
40.5631 -183.863 0
39.4948 -181.452 0
38.4566 -179.028 0
37.4467 -176.591 0
36.4635 -174.143 0
35.5053 -171.684 0
34.5704 -169.214 0
33.6571 -166.735 0
32.7638 -164.246 0
32.4307 -163.303 0
32.1001 -162.36 0
31.7716 -161.418 0
