189
103.323 7.17234 0
100.104 8.65785 0
96.8762 10.1332 0
93.6558 11.626 0
90.4596 13.1642 0
87.3043 14.7753 0
84.2064 16.4871 0
81.1825 18.3273 0
78.2493 20.3237 0
75.4233 22.5039 0
72.7212 24.8958 0
70.1595 27.527 0
68.2365 29.8041 0
66.4559 32.2154 0
64.8598 34.7265 0
63.4899 37.3027 0
62.3883 39.9096 0
61.5969 42.5127 0
61.1577 45.0774 0
61.1674 48.3941 0
61.8235 51.582 0
63.0699 54.6433 0
64.8503 57.5799 0
67.1084 60.3941 0
69.7878 63.0879 0
72.8322 65.6634 0
76.1855 68.1226 0
79.7912 70.4677 0
83.593 72.7008 0
87.5348 74.8239 0
91.5601 76.8392 0
95.6127 78.7487 0
99.6362 80.5545 0
103.574 82.2587 0
106.922 83.6696 0
110.178 84.9977 0
113.357 86.2371 0
116.478 87.3818 0
119.557 88.4261 0
122.61 89.3641 0
125.653 90.1899 0
128.705 90.8977 0
131.78 91.4815 0
135.561 92.0195 0
139.396 92.3852 0
143.28 92.5978 0
147.208 92.6765 0
151.174 92.6404 0
155.172 92.5088 0
159.199 92.3008 0
163.247 92.0354 0
167.312 91.732 0
171.388 91.4097 0
175.47 91.0877 0
179.552 90.785 0
183.629 90.5209 0
187.696 90.3146 0
191.747 90.1852 0
195.887 90.1474 0
200.006 90.2016 0
204.109 90.3382 0
208.196 90.5481 0
212.271 90.8218 0
216.337 91.15 0
220.396 91.5234 0
224.451 91.9326 0
228.505 92.3683 0
232.559 92.8211 0
236.618 93.2816 0
240.683 93.7406 0
244.758 94.1887 0
248.844 94.6166 0
252.945 95.0148 0
257.064 95.374 0
261.202 95.685 0
265.363 95.9383 0
269.549 96.1246 0
272.922 96.2183 0
276.303 96.2519 0
279.68 96.2141 0
283.042 96.0935 0
286.38 95.8789 0
289.682 95.5591 0
292.938 95.1226 0
296.137 94.5584 0
299.269 93.855 0
302.323 93.0012 0
305.343 91.9715 0
308.3 90.7871 0
311.221 89.4598 0
314.137 88.0017 0
317.075 86.4246 0
320.064 84.7403 0
323.132 82.961 0
326.309 81.0983 0
330.222 78.8055 0
334.274 76.4182 0
338.41 73.9411 0
342.579 71.3785 0
346.727 68.7349 0
350.802 66.0148 0
354.752 63.2227 0
358.522 60.363 0
362.062 57.4402 0
365.317 54.4588 0
368.236 51.4232 0
370.765 48.3378 0
372.851 45.2073 0
374.443 42.0359 0
375.487 38.8282 0
375.93 35.5887 0
375.721 32.3218 0
374.805 29.032 0
373.645 26.5721 0
372.121 24.1381 0
370.294 21.7653 0
368.22 19.4893 0
365.959 17.3454 0
363.57 15.3692 0
361.066 13.5619 0
358.498 11.9399 0
355.874 10.4785 0
353.202 9.15307 0
350.489 7.93874 0
347.743 6.81082 0
344.972 5.74454 0
341.251 4.38703 0
337.501 3.09453 0
333.724 1.86559 0
329.921 0.69878 0
326.095 -0.407345 0
322.246 -1.45423 0
318.378 -2.44331 0
314.49 -3.37602 0
310.586 -4.25382 0
306.666 -5.07814 0
302.732 -5.85042 0
298.787 -6.57211 0
294.832 -7.24464 0
290.868 -7.86945 0
286.897 -8.448 0
282.921 -8.98171 0
278.942 -9.47204 0
274.961 -9.92041 0
270.815 -10.3441 0
266.67 -10.7244 0
262.525 -11.0619 0
258.38 -11.3574 0
254.235 -11.6114 0
250.091 -11.8248 0
245.946 -11.998 0
241.802 -12.1319 0
237.657 -12.2271 0
233.511 -12.2842 0
229.365 -12.304 0
225.219 -12.287 0
221.072 -12.234 0
216.924 -12.1457 0
212.775 -12.0226 0
208.626 -11.8656 0
204.475 -11.6752 0
200.322 -11.4521 0
196.169 -11.197 0
192.014 -10.9106 0
187.857 -10.5935 0
183.699 -10.2464 0
179.539 -9.87004 0
175.377 -9.46499 0
171.214 -9.03195 0
167.048 -8.57161 0
163.114 -8.11154 0
159.182 -7.62164 0
155.254 -7.09562 0
151.335 -6.52715 0
147.427 -5.90992 0
143.533 -5.23761 0
139.656 -4.50392 0
135.8 -3.70254 0
131.966 -2.82713 0
128.159 -1.8714 0
124.382 -0.829036 0
120.637 0.306287 0
116.928 1.54088 0
113.257 2.88105 0
109.628 4.33311 0
106.043 5.90338 0
105.136 6.32324 0
104.23 6.74737 0
103.323 7.17234 0
