188
-405.002 -119.969 0
-408.075 -117.94 0
-410.95 -115.618 0
-413.621 -113.034 0
-416.083 -110.219 0
-418.329 -107.202 0
-420.354 -104.016 0
-422.152 -100.689 0
-423.716 -97.2536 0
-425.051 -93.7124 0
-426.141 -90.1063 0
-426.986 -86.4488 0
-427.586 -82.7533 0
-427.939 -79.0331 0
-428.044 -75.3019 0
-427.901 -71.5729 0
-427.509 -67.8597 0
-426.815 -63.919 0
-425.848 -60.0281 0
-424.621 -56.2023 0
-423.147 -52.4565 0
-421.441 -48.806 0
-419.517 -45.2657 0
-417.387 -41.8509 0
-415.065 -38.5765 0
-412.565 -35.4578 0
-410.289 -32.916 0
-407.903 -30.4911 0
-405.416 -28.173 0
-402.838 -25.952 0
-400.18 -23.8181 0
-397.452 -21.7615 0
-394.665 -19.7724 0
-390.651 -17.0691 0
-386.545 -14.4774 0
-382.355 -11.9933 0
-378.087 -9.61255 0
-373.749 -7.33113 0
-369.348 -5.14492 0
-364.891 -3.04983 0
-360.384 -1.04175 0
-355.835 0.883425 0
-351.25 2.72979 0
-346.638 4.50144 0
-342.005 6.20249 0
-337.357 7.83703 0
-332.703 9.40916 0
-328.049 10.923 0
-323.402 12.3826 0
-318.769 13.7921 0
-314.157 15.1557 0
-309.574 16.4773 0
-305.026 17.7611 0
-300.52 19.0112 0
-296.064 20.2318 0
-291.664 21.4268 0
-287.328 22.6004 0
-283.063 23.7568 0
-278.834 24.9099 0
-274.674 26.0517 0
-270.573 27.1843 0
-266.521 28.3101 0
-262.508 29.4311 0
-258.523 30.5496 0
-254.557 31.6679 0
-250.599 32.788 0
-246.639 33.9123 0
-242.668 35.0429 0
-238.675 36.1821 0
-234.65 37.332 0
-230.583 38.4948 0
-226.465 39.6729 0
-222.284 40.8683 0
-218.03 42.0834 0
-213.695 43.3202 0
-209.267 44.581 0
-204.737 45.8681 0
-200.094 47.1836 0
-195.329 48.5297 0
-190.431 49.9087 0
-185.39 51.3228 0
-180.197 52.7741 0
-174.84 54.2649 0
-169.311 55.7974 0
-163.599 57.3738 0
-157.693 58.9963 0
-151.584 60.6671 0
-145.262 62.3884 0
-138.717 64.1625 0
-133.289 65.6176 0
-127.87 67.0044 0
-122.619 68.2185 0
-117.697 69.1554 0
-113.263 69.7106 0
-109.48 69.7794 0
-106.506 69.2576 0
-104.502 68.0404 0
-103.628 66.0235 0
-103.763 64.0375 0
-104.461 61.6857 0
-105.616 59.072 0
-107.12 56.3004 0
-108.866 53.4746 0
-110.746 50.6988 0
-113.485 46.9961 0
-116.274 43.574 0
-119.107 40.402 0
-121.982 37.4498 0
-124.892 34.687 0
-127.834 32.0832 0
-130.802 29.6081 0
-133.794 27.2311 0
-136.803 24.922 0
-139.825 22.6504 0
-142.857 20.3858 0
-145.892 18.098 0
-149.377 15.4132 0
-152.862 12.6654 0
-156.349 9.8613 0
-159.839 7.00787 0
-163.333 4.112 0
-166.833 1.18059 0
-170.339 -1.77947 0
-173.854 -4.76128 0
-177.379 -7.75794 0
-180.914 -10.7626 0
-184.461 -13.7682 0
-188.022 -16.7681 0
-191.597 -19.7552 0
-195.189 -22.7227 0
-198.798 -25.6636 0
-202.425 -28.5712 0
-206.072 -31.4384 0
-209.668 -34.2054 0
-213.284 -36.9292 0
-216.918 -39.6124 0
-220.569 -42.2573 0
-224.237 -44.8666 0
-227.922 -47.4428 0
-231.623 -49.9883 0
-235.338 -52.5058 0
-239.068 -54.9976 0
-242.812 -57.4664 0
-246.568 -59.9147 0
-250.337 -62.3449 0
-254.118 -64.7595 0
-257.91 -67.1612 0
-261.712 -69.5524 0
-265.524 -71.9356 0
-269.455 -74.3809 0
-273.396 -76.8174 0
-277.348 -79.242 0
-281.311 -81.6515 0
-285.287 -84.043 0
-289.277 -86.4134 0
-293.281 -88.7596 0
-297.3 -91.0786 0
-301.337 -93.3673 0
-305.391 -95.6227 0
-309.463 -97.8417 0
-313.555 -100.021 0
-317.668 -102.158 0
-321.802 -104.25 0
-325.958 -106.293 0
-330.138 -108.284 0
-334.343 -110.221 0
-338.573 -112.099 0
-342.829 -113.917 0
-347.113 -115.672 0
-351.425 -117.359 0
-355.766 -118.976 0
-358.993 -120.12 0
-362.239 -121.202 0
-365.511 -122.199 0
-368.813 -123.087 0
-372.15 -123.844 0
-375.527 -124.446 0
-378.948 -124.87 0
-382.376 -125.094 0
-385.822 -125.106 0
-389.259 -124.888 0
-392.66 -124.423 0
-395.995 -123.695 0
-399.237 -122.687 0
-402.358 -121.381 0
-403.253 -120.936 0
-404.134 -120.465 0
-405.002 -119.969 0
