20 17
0 2.89879 151.28 0 77.0995 0
1 4.89879 157.28 0 75.9937 0
2 16.8988 164.28 0 64.9172 0
3 -1.10121 177.28 0 58.1625 0
4 22.8988 132.28 0 51.3222 0
5 -21.1012 122.28 0 54.2803 0
6 -3.27292 48.6677 0 50.8097 1
7 8.72708 -0.33225 0 94.687 1
8 -6.02292 -38.8323 0 99.2247 1
9 -21.2729 -44.3323 0 86.8065 1
10 -37.4573 27.8726 0 12.9029 2
11 -265.457 15.8726 0 39.1582 2
12 75.2535 45.5181 0 13.7009 3
13 352.254 36.5181 0 21.6426 3
14 -156.217 -195.335 0 28.4962 4
15 -72.2166 -103.335 0 30.4892 4
16 36.9028 -95.8859 0 21.913 5
17 63.9028 -128.886 0 40.4592 5
18 101.903 -211.886 0 22.0012 5
19 -0.402588 36.9472 0 61.3049 1
1 0
1 2
1 3
0 4
0 5
19 7
7 8
8 9
10 11
12 13
14 15
16 17
17 18
6 19
19 10
9 15
8 16
