289
-92.8502 -40.8405 0
-94.2996 -37.8507 0
-95.6748 -34.8232 0
-96.9766 -31.7606 0
-98.2057 -28.6655 0
-99.3627 -25.5404 0
-100.448 -22.388 0
-101.464 -19.2109 0
-102.409 -16.0116 0
-103.285 -12.7929 0
-104.154 -9.2986 0
-104.943 -5.7878 0
-105.654 -2.26181 0
-106.287 1.27802 0
-106.844 4.83036 0
-107.325 8.39388 0
-107.731 11.9672 0
-108.064 15.5491 0
-108.324 19.1381 0
-108.512 22.733 0
-108.623 26.0665 0
-108.67 29.4007 0
-108.651 32.7342 0
-108.565 36.0655 0
-108.407 39.393 0
-108.176 42.7152 0
-107.87 46.0306 0
-107.485 49.3378 0
-107.021 52.6351 0
-106.474 55.916 0
-105.847 59.1827 0
-105.14 62.4336 0
-104.357 65.6675 0
-103.498 68.883 0
-102.565 72.0786 0
-101.561 75.2532 0
-100.487 78.4052 0
-99.3445 81.5334 0
-97.9263 85.1557 0
-96.4202 88.7416 0
-94.8288 92.2908 0
-93.1544 95.8029 0
-91.3994 99.2775 0
-89.5662 102.714 0
-87.6573 106.112 0
-85.6749 109.472 0
-83.6215 112.793 0
-81.4996 116.074 0
-79.3114 119.315 0
-77.0594 122.515 0
-74.7461 125.675 0
-72.3737 128.794 0
-69.9447 131.872 0
-67.4615 134.907 0
-64.9264 137.9 0
-62.342 140.851 0
-59.7105 143.758 0
-57.0344 146.622 0
-54.3294 149.428 0
-51.5831 152.189 0
-48.7961 154.903 0
-45.9685 157.571 0
-43.1007 160.19 0
-40.1929 162.76 0
-37.2455 165.281 0
-34.2587 167.75 0
-31.2329 170.167 0
-28.1683 172.531 0
-25.0652 174.842 0
-21.924 177.097 0
-18.7449 179.296 0
-15.5283 181.438 0
-12.2743 183.522 0
-8.9834 185.547 0
-5.65578 187.513 0
-2.2747 189.427 0
1.14127 191.279 0
4.59081 193.071 0
8.07258 194.802 0
11.5853 196.473 0
15.1275 198.084 0
18.6981 199.637 0
22.2956 201.131 0
25.9187 202.568 0
29.5661 203.947 0
33.2364 205.269 0
36.9284 206.535 0
40.6408 207.744 0
44.3721 208.899 0
48.1211 209.999 0
51.8864 211.044 0
55.6668 212.035 0
59.4609 212.974 0
63.2673 213.859 0
67.0848 214.692 0
70.9133 215.474 0
74.7503 216.203 0
78.5952 216.88 0
82.4474 217.503 0
86.3064 218.074 0
90.1714 218.59 0
94.0419 219.053 0
97.9173 219.461 0
101.797 219.815 0
105.681 220.113 0
109.567 220.356 0
113.456 220.544 0
117.347 220.675 0
121.239 220.75 0
125.132 220.767 0
129.025 220.728 0
132.918 220.631 0
136.809 220.476 0
140.699 220.264 0
144.586 219.992 0
148.079 219.697 0
151.568 219.355 0
155.05 218.962 0
158.526 218.52 0
161.994 218.026 0
165.452 217.479 0
168.899 216.88 0
172.333 216.226 0
175.754 215.517 0
179.161 214.752 0
182.551 213.929 0
185.924 213.049 0
189.373 212.082 0
192.803 211.055 0
196.215 209.97 0
199.61 208.827 0
202.991 207.629 0
206.358 206.378 0
209.713 205.075 0
213.058 203.721 0
216.394 202.318 0
219.723 200.868 0
223.039 199.373 0
226.336 197.823 0
229.599 196.208 0
232.815 194.518 0
235.972 192.742 0
239.055 190.871 0
242.052 188.894 0
244.95 186.8 0
247.734 184.58 0
250.393 182.223 0
252.495 180.159 0
254.508 178.001 0
256.436 175.756 0
258.288 173.43 0
260.069 171.03 0
261.785 168.561 0
263.443 166.03 0
265.05 163.445 0
266.762 160.541 0
268.39 157.584 0
269.908 154.576 0
271.289 151.524 0
272.504 148.43 0
273.526 145.298 0
274.328 142.133 0
274.882 138.939 0
275.161 135.72 0
275.159 132.772 0
274.927 129.817 0
274.487 126.864 0
273.86 123.921 0
273.067 120.996 0
272.129 118.1 0
271.069 115.24 0
269.908 112.425 0
268.661 109.661 0
267.338 106.951 0
265.942 104.292 0
264.475 101.683 0
262.942 99.1229 0
261.346 96.6085 0
259.69 94.1382 0
257.978 91.7103 0
255.67 88.6109 0
253.277 85.5784 0
250.804 82.6098 0
248.255 79.7019 0
245.635 76.8517 0
242.947 74.0562 0
240.198 71.3123 0
237.39 68.617 0
234.529 65.9671 0
231.619 63.3597 0
228.664 60.7916 0
225.669 58.2599 0
222.639 55.7614 0
219.578 53.2931 0
216.491 50.852 0
213.382 48.435 0
210.255 46.0389 0
207.115 43.6609 0
203.966 41.2978 0
200.813 38.9465 0
197.657 36.6022 0
194.5 34.2679 0
191.342 31.9447 0
188.182 29.6333 0
185.018 27.3346 0
181.851 25.0493 0
178.679 22.7784 0
175.501 20.5226 0
172.316 18.2828 0
169.123 16.0598 0
165.921 13.8544 0
162.71 11.6674 0
159.487 9.49981 0
156.253 7.35228 0
153.007 5.2257 0
149.747 3.1209 0
146.472 1.0387 0
143.182 -1.02007 0
139.876 -3.05457 0
136.552 -5.06398 0
133.046 -7.14352 0
129.522 -9.19442 0
125.979 -11.2168 0
122.417 -13.2107 0
118.838 -15.1763 0
115.242 -17.1137 0
111.628 -19.023 0
107.999 -20.9043 0
104.353 -22.7577 0
100.693 -24.5833 0
97.0173 -26.3813 0
93.3275 -28.1517 0
89.6239 -29.8947 0
85.9069 -31.6104 0
82.1771 -33.2988 0
78.435 -34.9601 0
74.6809 -36.5944 0
70.9155 -38.2018 0
67.1392 -39.7824 0
63.3524 -41.3364 0
59.5558 -42.8637 0
55.7498 -44.3647 0
52.0218 -45.8057 0
48.2852 -47.2196 0
44.5393 -48.6045 0
40.7835 -49.9583 0
37.0171 -51.2788 0
33.2394 -52.5642 0
29.4498 -53.8124 0
25.6477 -55.0214 0
21.8322 -56.189 0
18.0029 -57.3134 0
14.1589 -58.3924 0
10.2997 -59.424 0
6.42465 -60.4063 0
2.53297 -61.3371 0
-1.37594 -62.2145 0
-5.30277 -63.0363 0
-9.24816 -63.8007 0
-13.2128 -64.5055 0
-17.0267 -65.1216 0
-20.8548 -65.6719 0
-24.6939 -66.1466 0
-28.5406 -66.5357 0
-32.3917 -66.8296 0
-36.244 -67.0181 0
-40.0941 -67.0916 0
-43.9388 -67.04 0
-47.7748 -66.8537 0
-51.5988 -66.5226 0
-55.4076 -66.0369 0
-59.1979 -65.3868 0
-62.9664 -64.5624 0
-66.7098 -63.5538 0
-69.5962 -62.6333 0
-72.432 -61.5742 0
-75.185 -60.3539 0
-77.8226 -58.9499 0
-80.3127 -57.3396 0
-82.6226 -55.5007 0
-84.3967 -53.779 0
-86.034 -51.9103 0
-87.5475 -49.9215 0
-88.9498 -47.8394 0
-90.2539 -45.6911 0
-91.4725 -43.5033 0
-91.9414 -42.6183 0
-92.3999 -41.7311 0
-92.8502 -40.8405 0
