225
-179.232 -183.855 0
-181.586 -182.006 0
-183.844 -180.028 0
-185.994 -177.927 0
-188.022 -175.706 0
-189.915 -173.37 0
-191.662 -170.925 0
-193.248 -168.374 0
-194.663 -165.728 0
-195.904 -162.996 0
-196.975 -160.191 0
-197.875 -157.325 0
-198.606 -154.412 0
-199.168 -151.465 0
-199.562 -148.495 0
-199.792 -145.506 0
-199.865 -142.512 0
-199.793 -139.518 0
-199.589 -136.526 0
-199.263 -133.54 0
-198.829 -130.563 0
-198.297 -127.599 0
-197.68 -124.651 0
-196.985 -121.715 0
-196.215 -118.801 0
-195.371 -115.911 0
-194.453 -113.048 0
-193.46 -110.213 0
-192.392 -107.408 0
-191.249 -104.635 0
-190.031 -101.897 0
-188.738 -99.1937 0
-187.113 -96.0478 0
-185.388 -92.9555 0
-183.565 -89.9169 0
-181.65 -86.9317 0
-179.646 -83.9997 0
-177.558 -81.121 0
-175.389 -78.2952 0
-173.144 -75.5224 0
-170.827 -72.8023 0
-168.443 -70.1348 0
-165.994 -67.5199 0
-163.486 -64.9572 0
-160.923 -62.4468 0
-158.309 -59.9884 0
-155.647 -57.582 0
-152.943 -55.2274 0
-150.221 -52.9424 0
-147.461 -50.7095 0
-144.664 -48.5293 0
-141.832 -46.4026 0
-138.964 -44.33 0
-136.061 -42.3122 0
-133.124 -40.3499 0
-130.154 -38.4438 0
-127.151 -36.5945 0
-124.115 -34.8027 0
-121.048 -33.0692 0
-117.95 -31.3945 0
-114.822 -29.7795 0
-111.664 -28.2247 0
-108.477 -26.7308 0
-105.261 -25.2986 0
-102.018 -23.9287 0
-98.7702 -22.6303 0
-95.4974 -21.3935 0
-92.2009 -20.2178 0
-88.8821 -19.1022 0
-85.5424 -18.0462 0
-82.1832 -17.049 0
-78.8058 -16.1098 0
-75.4118 -15.2281 0
-72.0024 -14.403 0
-68.579 -13.6338 0
-65.143 -12.9198 0
-61.6959 -12.2603 0
-58.2389 -11.6546 0
-54.7736 -11.102 0
-51.3011 -10.6016 0
-47.8231 -10.153 0
-44.3408 -9.75518 0
-40.8556 -9.40758 0
-37.3715 -9.11 0
-33.8865 -8.86316 0
-30.4007 -8.66843 0
-26.9142 -8.5272 0
-23.4274 -8.44083 0
-19.9402 -8.41071 0
-16.4531 -8.4382 0
-12.966 -8.52469 0
-9.47914 -8.67155 0
-5.99278 -8.88015 0
-2.50704 -9.15188 0
0.977883 -9.48809 0
4.46183 -9.89018 0
7.94462 -10.3595 0
11.4261 -10.8975 0
14.906 -11.5054 0
18.3843 -12.1847 0
21.8607 -12.9368 0
25.4211 -13.7846 0
28.9718 -14.7116 0
32.5054 -15.7193 0
36.0145 -16.8095 0
39.492 -17.9836 0
42.9304 -19.2434 0
46.3224 -20.5904 0
49.6609 -22.0263 0
52.9384 -23.5526 0
56.1476 -25.171 0
59.2813 -26.8831 0
62.3321 -28.6904 0
65.2927 -30.5947 0
68.1558 -32.5976 0
70.9142 -34.7005 0
73.1417 -36.539 0
75.3098 -38.4474 0
77.4381 -40.4254 0
79.5459 -42.4723 0
81.6529 -44.5875 0
83.7785 -46.7705 0
85.9422 -49.0207 0
88.1635 -51.3376 0
90.4407 -53.7173 0
92.6988 -56.158 0
94.8424 -58.6557 0
96.7757 -61.2065 0
98.4031 -63.8067 0
99.6289 -66.4521 0
100.358 -69.1391 0
100.493 -71.8637 0
100.149 -73.9895 0
99.4537 -76.1176 0
98.4679 -78.2313 0
97.2519 -80.3137 0
95.8661 -82.3482 0
94.3707 -84.3178 0
92.0696 -87.0708 0
89.6697 -89.6584 0
87.1784 -92.093 0
84.6032 -94.3874 0
81.9515 -96.5541 0
79.2308 -98.6057 0
76.4484 -100.555 0
73.612 -102.414 0
70.7288 -104.195 0
67.8063 -105.912 0
64.8519 -107.577 0
61.8732 -109.202 0
58.8775 -110.799 0
55.8723 -112.382 0
52.865 -113.964 0
49.458 -115.768 0
46.0573 -117.584 0
42.6624 -119.411 0
39.2725 -121.247 0
35.8869 -123.091 0
32.5049 -124.943 0
29.126 -126.8 0
25.7493 -128.661 0
22.3742 -130.526 0
19.0001 -132.393 0
15.6262 -134.26 0
12.2519 -136.127 0
8.87653 -137.993 0
5.49934 -139.855 0
2.11968 -141.713 0
-1.26311 -143.566 0
-4.64973 -145.412 0
-8.04086 -147.249 0
-11.4372 -149.078 0
-14.8393 -150.896 0
-18.248 -152.703 0
-21.664 -154.496 0
-25.0878 -156.276 0
-28.5202 -158.039 0
-31.9619 -159.787 0
-35.4135 -161.516 0
-38.8757 -163.226 0
-42.3493 -164.916 0
-45.8348 -166.584 0
-49.333 -168.229 0
-52.8445 -169.85 0
-56.37 -171.445 0
-59.9102 -173.014 0
-63.4658 -174.555 0
-67.0375 -176.067 0
-70.4074 -177.459 0
-73.7915 -178.821 0
-77.19 -180.15 0
-80.6026 -181.442 0
-84.0294 -182.694 0
-87.4702 -183.904 0
-90.9251 -185.066 0
-94.394 -186.18 0
-97.8768 -187.24 0
-101.373 -188.244 0
-104.884 -189.189 0
-108.408 -190.07 0
-111.946 -190.886 0
-115.498 -191.633 0
-119.063 -192.306 0
-122.642 -192.904 0
-126.234 -193.423 0
-129.84 -193.86 0
-133.459 -194.21 0
-136.458 -194.432 0
-139.461 -194.582 0
-142.466 -194.649 0
-145.468 -194.622 0
-148.466 -194.49 0
-151.454 -194.242 0
-154.431 -193.866 0
-157.392 -193.351 0
-160.321 -192.69 0
-163.218 -191.881 0
-166.069 -190.922 0
-168.863 -189.813 0
-171.586 -188.553 0
-174.227 -187.142 0
-176.773 -185.579 0
-177.604 -185.02 0
-178.423 -184.446 0
-179.232 -183.855 0
