16 13
0 -0.402588 36.9472 0 61.3049 1
1 3.89879 154.28 0 76.5466 0
2 63.9028 -128.886 0 40.4592 5
3 36.9028 -95.8859 0 21.913 5
4 22.8988 132.28 0 51.3222 0
5 -21.1012 122.28 0 54.2803 0
6 101.903 -211.886 0 22.0012 5
7 8.72708 -0.33225 0 94.687 1
8 -6.02292 -38.8323 0 99.2247 1
9 -21.2729 -44.3323 0 86.8065 1
10 -37.4573 27.8726 0 12.9029 2
11 -265.457 15.8726 0 39.1582 2
12 75.2535 45.5181 0 13.7009 3
13 352.254 36.5181 0 21.6426 3
14 -156.217 -195.335 0 28.4962 4
15 -72.2166 -103.335 0 30.4892 4
8 3
0 10
9 15
1 4
1 5
0 7
7 8
8 9
10 11
12 13
14 15
3 2
2 6
