238
111.856 79.2635 -0
113.277 76.3425 -0
114.559 73.3567 -0
115.707 70.3125 -0
116.727 67.2166 -0
117.627 64.0754 -0
118.412 60.8957 -0
119.088 57.6838 -0
119.663 54.4465 -0
120.143 51.1902 -0
120.533 47.9216 -0
120.841 44.6471 -0
121.07 41.4029 -0
121.223 38.1613 -0
121.301 34.9229 -0
121.304 31.6884 -0
121.233 28.4584 -0
121.087 25.2338 -0
120.866 22.015 -0
120.572 18.8029 -0
120.202 15.598 -0
119.759 12.4011 -0
119.242 9.21278 -0
118.652 6.03375 -0
117.987 2.86467 -0
117.305 -0.0634548 0
116.557 -2.97729 0
115.739 -5.87264 0
114.85 -8.74534 0
113.885 -11.5912 0
112.843 -14.406 0
111.719 -17.1856 0
110.511 -19.9257 0
109.217 -22.6223 0
107.832 -25.2711 0
106.354 -27.8679 0
104.781 -30.4112 0
103.118 -32.8985 0
101.372 -35.3311 0
99.5477 -37.7104 0
97.652 -40.0376 0
95.6908 -42.314 0
93.6702 -44.5408 0
91.5962 -46.7194 0
89.4749 -48.851 0
87.3123 -50.937 0
85.1146 -52.9785 0
82.5818 -55.2458 0
80.0145 -57.4621 0
77.4156 -59.6325 0
74.7876 -61.7624 0
72.1332 -63.8573 0
69.4552 -65.9224 0
66.7562 -67.9632 0
64.0389 -69.985 0
61.3061 -71.9931 0
58.5604 -73.9929 0
55.8046 -75.9898 0
53.0412 -77.9892 0
50.2731 -79.9963 0
47.5028 -82.0165 0
44.7332 -84.0553 0
41.8066 -86.2353 0
38.8818 -88.4348 0
35.9562 -90.6466 0
33.0276 -92.8638 0
30.0935 -95.0794 0
27.1515 -97.2864 0
24.1992 -99.4778 0
21.2341 -101.647 0
18.254 -103.786 0
15.2563 -105.889 0
12.2387 -107.948 0
9.19883 -109.957 0
6.13418 -111.908 0
3.04239 -113.794 0
-0.0789358 -115.609 0
-3.23221 -117.346 0
-6.41983 -118.997 0
-9.64421 -120.556 0
-12.9077 -122.015 0
-16.2128 -123.368 0
-19.5619 -124.607 0
-22.9573 -125.726 0
-26.4016 -126.718 0
-29.897 -127.575 0
-33.4459 -128.291 0
-36.3987 -128.766 0
-39.3773 -129.132 0
-42.37 -129.376 0
-45.3657 -129.487 0
-48.3527 -129.456 0
-51.3197 -129.272 0
-54.2552 -128.923 0
-57.1478 -128.399 0
-59.986 -127.69 0
-63.0074 -126.697 0
-65.9506 -125.488 0
-68.8164 -124.078 0
-71.6058 -122.485 0
-74.3196 -120.724 0
-76.9586 -118.813 0
-79.5239 -116.767 0
-82.0162 -114.603 0
-84.4364 -112.337 0
-86.7854 -109.986 0
-89.0641 -107.567 0
-91.2733 -105.096 0
-93.5446 -102.43 0
-95.7394 -99.7241 0
-97.859 -96.9807 0
-99.9049 -94.2002 0
-101.878 -91.3834 0
-103.781 -88.5311 0
-105.614 -85.6442 0
-107.379 -82.7237 0
-109.078 -79.7703 0
-110.711 -76.7848 0
-112.28 -73.7683 0
-113.787 -70.7215 0
-115.233 -67.6453 0
-116.62 -64.5405 0
-117.867 -61.6024 0
-119.062 -58.6407 0
-120.203 -55.656 0
-121.291 -52.6485 0
-122.323 -49.6187 0
-123.3 -46.5669 0
-124.219 -43.4935 0
-125.081 -40.3988 0
-125.884 -37.2832 0
-126.627 -34.1471 0
-127.31 -30.9909 0
-127.932 -27.8148 0
-128.491 -24.6194 0
-128.987 -21.4049 0
-129.421 -18.1487 0
-129.78 -14.8796 0
-130.056 -11.6034 0
-130.239 -8.32526 0
-130.319 -5.05084 0
-130.288 -1.78558 0
-130.136 1.46504 0
-129.854 4.69553 0
-129.432 7.90042 0
-128.862 11.0742 0
-128.134 14.2115 0
-127.238 17.3066 0
-126.264 20.1035 0
-125.15 22.8558 0
-123.904 25.5597 0
-122.534 28.2115 0
-121.049 30.8073 0
-119.457 33.3433 0
-117.767 35.8157 0
-115.985 38.2207 0
-114.122 40.5544 0
-112.184 42.8131 0
-109.71 45.4848 0
-107.141 48.0421 0
-104.483 50.4908 0
-101.741 52.8366 0
-98.9192 55.0853 0
-96.0225 57.2426 0
-93.0561 59.3143 0
-90.0246 61.306 0
-86.9331 63.2236 0
-83.7863 65.0728 0
-80.5893 66.8593 0
-77.3467 68.5888 0
-74.0636 70.2671 0
-70.7448 71.9 0
-67.3952 73.4932 0
-64.0195 75.0523 0
-60.6228 76.5832 0
-57.2099 78.0917 0
-53.7857 79.5833 0
-50.3551 81.064 0
-46.9228 82.5393 0
-43.4938 84.0152 0
-40.0731 85.4972 0
-36.7645 86.9453 0
-33.4669 88.4004 0
-30.1784 89.858 0
-26.8972 91.314 0
-23.6216 92.7641 0
-20.3498 94.2039 0
-17.08 95.6293 0
-13.8105 97.036 0
-10.5394 98.4197 0
-7.26501 99.7761 0
-3.98553 101.101 0
-0.699186 102.39 0
2.5958 103.639 -0
5.90121 104.844 -0
9.21882 106 -0
12.5504 107.103 -0
15.8977 108.149 -0
19.2626 109.133 -0
22.6467 110.052 -0
26.052 110.901 -0
29.4801 111.676 -0
32.9328 112.372 -0
35.8757 112.896 -0
38.8344 113.357 -0
41.8069 113.747 -0
44.7909 114.064 -0
47.7842 114.3 -0
50.7845 114.451 -0
53.7896 114.512 -0
56.7973 114.477 -0
59.8054 114.341 -0
62.4299 114.136 -0
65.0464 113.845 -0
67.6492 113.462 -0
70.2329 112.983 -0
72.7918 112.401 -0
75.3204 111.711 -0
77.8131 110.907 -0
80.2642 109.983 -0
82.6165 108.961 -0
84.918 107.825 -0
87.1644 106.579 -0
89.3511 105.228 -0
91.4737 103.776 -0
93.5279 102.228 -0
95.509 100.588 -0
97.7258 98.563 -0
99.8377 96.43 -0
101.847 94.1985 -0
103.755 91.8781 -0
105.564 89.4784 -0
107.277 87.0089 -0
108.895 84.4792 -0
110.421 81.8989 -0
110.911 81.0259 -0
111.39 80.1478 -0
111.856 79.2635 -0
