214
-99.541 -84.2349 0
-101.03 -81.3649 0
-102.38 -78.4192 0
-103.592 -75.4063 0
-104.668 -72.3342 0
-105.609 -69.2112 0
-106.417 -66.0455 0
-107.093 -62.8454 0
-107.639 -59.619 0
-108.056 -56.3747 0
-108.345 -53.1205 0
-108.509 -49.8647 0
-108.547 -46.2684 0
-108.439 -42.6824 0
-108.193 -39.1079 0
-107.817 -35.5458 0
-107.317 -31.9971 0
-106.7 -28.4631 0
-105.975 -24.9445 0
-105.147 -21.4426 0
-104.225 -17.9583 0
-103.216 -14.4927 0
-102.126 -11.0467 0
-100.964 -7.62156 0
-99.7358 -4.21816 0
-98.4493 -0.83757 0
-97.1117 2.51917 0
-95.7247 5.86054 0
-94.2936 9.176 0
-92.8183 12.4655 0
-91.2988 15.7288 0
-89.7349 18.966 0
-88.1267 22.1769 0
-86.4741 25.3614 0
-84.7772 28.5194 0
-83.0357 31.6509 0
-81.2498 34.7556 0
-79.4193 37.8336 0
-77.5443 40.8847 0
-75.6246 43.9088 0
-73.6603 46.9058 0
-71.6513 49.8757 0
-69.6352 52.7643 0
-67.5745 55.6231 0
-65.4674 58.4492 0
-63.3121 61.2394 0
-61.1066 63.9909 0
-58.8493 66.7005 0
-56.5381 69.3653 0
-54.1714 71.9823 0
-51.7472 74.5485 0
-49.2637 77.0608 0
-46.7192 79.5163 0
-44.1116 81.912 0
-41.4393 84.2448 0
-38.7003 86.5118 0
-35.8928 88.7099 0
-33.0151 90.8361 0
-30.0651 92.8875 0
-27.8906 94.3155 0
-25.6779 95.6765 0
-23.4264 96.9441 0
-21.1358 98.0921 0
-18.8054 99.0943 0
-16.435 99.9244 0
-14.0239 100.556 0
-11.1517 101.021 0
-8.23419 101.213 0
-5.28102 101.169 0
-2.3017 100.923 0
0.694202 100.512 0
3.69715 99.9697 0
6.69759 99.3333 0
9.68598 98.6378 0
13.2666 97.7591 0
16.8149 96.8429 0
20.3312 95.8856 0
23.816 94.8839 0
27.2698 93.8345 0
30.6929 92.7338 0
34.0858 91.5785 0
37.4489 90.3652 0
40.7827 89.0904 0
44.0877 87.7508 0
47.3641 86.343 0
50.6126 84.8635 0
53.8335 83.309 0
57.0273 81.676 0
60.1943 79.9612 0
62.7993 78.4741 0
65.3759 76.9247 0
67.9144 75.309 0
70.4051 73.6232 0
72.8383 71.8632 0
75.2044 70.0252 0
77.4936 68.1052 0
79.6962 66.0992 0
81.8026 64.0034 0
83.803 61.8137 0
85.8244 59.3558 0
87.7161 56.7939 0
89.4821 54.1358 0
91.1268 51.3897 0
92.6543 48.5637 0
94.0688 45.6657 0
95.3745 42.7039 0
96.5757 39.6862 0
97.6765 36.6209 0
98.6812 33.5158 0
99.594 30.3792 0
100.419 27.2189 0
101.16 24.0431 0
101.824 20.8474 0
102.408 17.646 0
102.912 14.44 0
103.337 11.2307 0
103.683 8.01923 0
103.95 4.80691 0
104.139 1.59492 0
104.25 -1.61554 0
104.284 -4.82323 0
104.24 -8.02695 0
104.119 -11.2255 0
103.921 -14.4176 0
103.648 -17.6021 0
103.244 -21.2153 0
102.745 -24.8159 0
102.153 -28.4037 0
101.47 -31.978 0
100.701 -35.5384 0
99.8469 -39.0845 0
98.9114 -42.6158 0
97.8971 -46.1318 0
96.8068 -49.6321 0
95.6435 -53.1161 0
94.4098 -56.5835 0
93.1086 -60.0337 0
91.7427 -63.4663 0
90.3149 -66.8808 0
88.8282 -70.2767 0
87.2852 -73.6536 0
85.6887 -77.0111 0
84.0418 -80.3486 0
82.4654 -83.4344 0
80.8434 -86.4957 0
79.1716 -89.526 0
77.4453 -92.5186 0
75.6604 -95.4671 0
73.8122 -98.365 0
71.8965 -101.206 0
69.9089 -103.983 0
67.8448 -106.69 0
65.7 -109.32 0
63.47 -111.867 0
61.1503 -114.324 0
58.7367 -116.684 0
56.2247 -118.942 0
53.7677 -120.969 0
51.2254 -122.898 0
48.603 -124.731 0
45.906 -126.467 0
43.1395 -128.107 0
40.3089 -129.651 0
37.4196 -131.098 0
34.4769 -132.45 0
31.486 -133.706 0
28.4523 -134.867 0
25.3811 -135.932 0
22.2777 -136.902 0
19.1475 -137.776 0
15.8023 -138.601 0
12.4368 -139.318 0
9.0542 -139.927 0
5.65773 -140.426 0
2.25067 -140.816 0
-1.16373 -141.096 0
-4.58221 -141.263 0
-8.0015 -141.319 0
-11.4184 -141.262 0
-14.8295 -141.091 0
-18.2317 -140.806 0
-21.6218 -140.405 0
-24.9963 -139.888 0
-28.3521 -139.255 0
-31.4966 -138.55 0
-34.6175 -137.743 0
-37.7114 -136.833 0
-40.7751 -135.824 0
-43.8051 -134.716 0
-46.798 -133.51 0
-49.7505 -132.208 0
-52.6592 -130.812 0
-55.5207 -129.322 0
-58.3317 -127.739 0
-61.0888 -126.066 0
-63.7885 -124.303 0
-66.4276 -122.452 0
-69.1622 -120.391 0
-71.8236 -118.237 0
-74.412 -115.995 0
-76.9272 -113.669 0
-79.3692 -111.265 0
-81.7379 -108.786 0
-84.0333 -106.238 0
-86.2554 -103.624 0
-88.404 -100.95 0
-90.4793 -98.2192 0
-92.4811 -95.4376 0
-94.4093 -92.6091 0
-96.264 -89.7385 0
-98.0451 -86.8303 0
-98.5533 -85.9702 0
-99.0526 -85.1059 0
-99.541 -84.2349 0
