187
-278.25 -26.2325 0
-281.048 -24.4948 0
-283.753 -22.6197 0
-286.359 -20.6072 0
-288.861 -18.4571 0
-291.253 -16.1694 0
-293.529 -13.7441 0
-295.685 -11.1809 0
-297.715 -8.47991 0
-299.613 -5.64099 0
-301.343 -2.71512 0
-302.91 0.320174 0
-304.285 3.44142 0
-305.439 6.62515 0
-306.342 9.8479 0
-306.966 13.0862 0
-307.281 16.3166 0
-307.259 19.5156 0
-306.87 22.6597 0
-306.092 25.7406 0
-304.952 28.734 0
-303.485 31.6324 0
-301.73 34.4281 0
-299.723 37.1136 0
-297.501 39.6814 0
-295.1 42.1237 0
-292.558 44.4331 0
-289.911 46.6019 0
-287.018 48.7466 0
-284.054 50.729 0
-281.024 52.555 0
-277.933 54.2305 0
-274.786 55.7612 0
-271.59 57.153 0
-268.35 58.4118 0
-265.07 59.5434 0
-261.756 60.5537 0
-258.414 61.4484 0
-255.048 62.2336 0
-251.665 62.9149 0
-248.247 63.5018 0
-244.817 63.9974 0
-241.375 64.4099 0
-237.922 64.7476 0
-234.457 65.0187 0
-230.982 65.2316 0
-227.496 65.3946 0
-224 65.5157 0
-220.494 65.6035 0
-216.979 65.666 0
-213.455 65.7116 0
-209.922 65.7486 0
-205.926 65.788 0
-201.921 65.8255 0
-197.907 65.8599 0
-193.887 65.8898 0
-189.861 65.9141 0
-185.83 65.9315 0
-181.797 65.9407 0
-177.761 65.9406 0
-173.724 65.9298 0
-169.688 65.9071 0
-165.653 65.8712 0
-161.621 65.821 0
-157.593 65.7551 0
-153.571 65.6724 0
-149.554 65.5715 0
-145.546 65.4512 0
-141.547 65.3103 0
-137.557 65.1476 0
-133.579 64.9617 0
-129.614 64.7514 0
-125.662 64.5155 0
-121.726 64.2527 0
-117.805 63.9618 0
-113.902 63.6416 0
-110.018 63.2907 0
-106.154 62.9079 0
-102.311 62.4921 0
-98.4902 62.0418 0
-94.693 61.556 0
-90.9206 61.0333 0
-87.1742 60.4725 0
-83.455 59.8724 0
-79.7643 59.2316 0
-76.1032 58.549 0
-72.473 57.8233 0
-69.4941 57.1882 0
-66.5263 56.5111 0
-63.5587 55.78 0
-60.5806 54.9827 0
-57.581 54.1073 0
-54.5492 53.1417 0
-51.4743 52.0738 0
-48.3455 50.8916 0
-45.1519 49.583 0
-41.8828 48.1359 0
-38.5272 46.5384 0
-35.4778 44.9806 0
-32.4695 43.2934 0
-29.6207 41.4756 0
-27.0497 39.5261 0
-24.875 37.4435 0
-23.2149 35.2267 0
-22.1877 32.8744 0
-21.912 30.3856 0
-22.2828 28.3157 0
-23.1112 26.2135 0
-24.3038 24.1329 0
-25.7676 22.1281 0
-27.4093 20.2529 0
-29.6777 18.0804 0
-32.0698 16.1775 0
-34.5676 14.5044 0
-37.1533 13.0211 0
-39.8093 11.6876 0
-42.5175 10.4641 0
-45.2602 9.31049 0
-48.0196 8.18694 0
-51.5767 6.73423 0
-55.132 5.26846 0
-58.686 3.79209 0
-62.2396 2.30757 0
-65.7931 0.817358 0
-69.3473 -0.676089 0
-72.9028 -2.17032 0
-76.4601 -3.66286 0
-80.0199 -5.15128 0
-83.5829 -6.63311 0
-87.1495 -8.10588 0
-90.7206 -9.56716 0
-94.2965 -11.0145 0
-97.8781 -12.4454 0
-101.466 -13.8574 0
-105.06 -15.2481 0
-108.662 -16.615 0
-112.272 -17.9557 0
-115.891 -19.2677 0
-119.519 -20.5485 0
-123.156 -21.7957 0
-126.805 -23.0069 0
-130.464 -24.1795 0
-134.135 -25.3112 0
-137.819 -26.3994 0
-141.515 -27.4417 0
-145.225 -28.4357 0
-148.949 -29.3788 0
-152.545 -30.2364 0
-156.154 -31.045 0
-159.774 -31.8051 0
-163.406 -32.5173 0
-167.049 -33.1818 0
-170.701 -33.7991 0
-174.362 -34.3697 0
-178.032 -34.894 0
-181.71 -35.3724 0
-185.395 -35.8053 0
-189.086 -36.1933 0
-192.783 -36.5366 0
-196.485 -36.8357 0
-200.192 -37.0912 0
-203.902 -37.3033 0
-207.616 -37.4725 0
-211.332 -37.5993 0
-215.049 -37.6841 0
-218.767 -37.7273 0
-222.486 -37.7294 0
-226.205 -37.6907 0
-229.542 -37.6202 0
-232.875 -37.5081 0
-236.203 -37.3449 0
-239.524 -37.1212 0
-242.836 -36.8275 0
-246.137 -36.4543 0
-249.425 -35.992 0
-252.7 -35.4314 0
-255.959 -34.7627 0
-258.872 -34.0625 0
-261.762 -33.2647 0
-264.623 -32.3658 0
-267.447 -31.3624 0
-270.229 -30.251 0
-272.96 -29.0281 0
-275.634 -27.6904 0
-276.514 -27.2173 0
-277.386 -26.7314 0
-278.25 -26.2325 0
