210
-71.81 100.536 0
-72.8404 102.795 0
-73.8083 105.086 0
-74.7117 107.408 0
-75.5486 109.756 0
-76.3173 112.13 0
-77.0157 114.527 0
-77.642 116.945 0
-78.1943 119.38 0
-78.6706 121.832 0
-79.069 124.297 0
-79.3876 126.773 0
-79.6245 129.258 0
-79.7784 131.75 0
-79.8506 134.245 0
-79.8431 136.741 0
-79.7582 139.236 0
-79.598 141.728 0
-79.3647 144.214 0
-79.0604 146.691 0
-78.6872 149.159 0
-78.2474 151.613 0
-77.7431 154.053 0
-77.1764 156.476 0
-76.5495 158.879 0
-75.843 161.333 0
-75.0777 163.764 0
-74.2567 166.175 0
-73.3827 168.567 0
-72.4588 170.94 0
-71.4878 173.298 0
-70.4727 175.641 0
-69.4163 177.97 0
-68.3216 180.288 0
-67.1916 182.596 0
-66.029 184.895 0
-64.8369 187.187 0
-63.6181 189.473 0
-62.3756 191.755 0
-61.088 194.075 0
-59.7752 196.385 0
-58.4334 198.681 0
-57.059 200.956 0
-55.6482 203.205 0
-54.1972 205.421 0
-52.7023 207.599 0
-51.1597 209.734 0
-49.5656 211.818 0
-47.9163 213.847 0
-46.2081 215.815 0
-44.4371 217.716 0
-42.5997 219.543 0
-40.692 221.292 0
-38.7104 222.955 0
-36.651 224.529 0
-34.6281 225.93 0
-32.5379 227.244 0
-30.386 228.47 0
-28.1779 229.608 0
-25.9189 230.655 0
-23.6147 231.612 0
-21.2705 232.478 0
-18.892 233.251 0
-16.4846 233.932 0
-14.0537 234.519 0
-11.6048 235.012 0
-9.14337 235.409 0
-6.65953 235.713 0
-4.17096 235.922 0
-1.67956 236.041 0
0.81279 236.072 0
3.3042 236.018 0
5.79278 235.883 0
8.27663 235.669 0
10.7539 235.381 0
13.2226 235.02 0
15.681 234.591 0
18.1271 234.096 0
20.559 233.538 0
22.9784 232.92 0
25.3799 232.243 0
27.7623 231.506 0
30.1243 230.71 0
32.4647 229.856 0
34.7823 228.942 0
37.0758 227.97 0
39.3439 226.939 0
41.5854 225.85 0
43.7992 224.702 0
45.9839 223.496 0
48.1382 222.232 0
50.256 220.912 0
52.3382 219.535 0
54.3811 218.099 0
56.3809 216.604 0
58.334 215.05 0
60.2367 213.437 0
62.0852 211.764 0
63.8758 210.031 0
65.6048 208.237 0
67.2686 206.382 0
68.8633 204.466 0
70.3853 202.488 0
71.7729 200.533 0
73.0866 198.526 0
74.3228 196.469 0
75.4783 194.366 0
76.5497 192.221 0
77.5335 190.037 0
78.4265 187.818 0
79.2253 185.568 0
79.9265 183.29 0
80.5268 180.988 0
81.0254 178.66 0
81.426 176.315 0
81.7357 173.954 0
81.9615 171.581 0
82.1105 169.197 0
82.1897 166.805 0
82.2062 164.408 0
82.1671 162.007 0
82.0793 159.605 0
81.95 157.205 0
81.7636 154.534 0
81.5326 151.869 0
81.2558 149.212 0
80.9314 146.562 0
80.5581 143.921 0
80.1343 141.29 0
79.6586 138.669 0
79.1294 136.06 0
78.5453 133.463 0
77.9047 130.878 0
77.2062 128.308 0
76.4482 125.752 0
75.6292 123.211 0
74.7478 120.687 0
73.8025 118.18 0
72.7918 115.691 0
71.7141 113.22 0
70.5679 110.77 0
69.4922 108.614 0
68.3588 106.484 0
67.165 104.391 0
65.9081 102.343 0
64.5852 100.352 0
63.1936 98.4262 0
61.7305 96.5762 0
60.1933 94.8118 0
58.5791 93.1427 0
56.8852 91.5788 0
54.9201 89.982 0
52.8618 88.5159 0
50.7173 87.1705 0
48.4937 85.9358 0
46.1981 84.8018 0
43.8375 83.7584 0
41.4191 82.7955 0
38.9498 81.9032 0
36.4368 81.0714 0
33.8871 80.2901 0
31.3078 79.5492 0
28.7059 78.8387 0
26.0886 78.1486 0
23.4629 77.4688 0
20.8358 76.7893 0
18.2145 76.1 0
15.559 75.3814 0
12.9159 74.6505 0
10.2837 73.9155 0
7.66115 73.1846 0
5.04702 72.4658 0
2.43995 71.7675 0
-0.161348 71.0978 0
-2.75818 70.4649 0
-5.35187 69.8769 0
-7.94369 69.342 0
-10.535 68.8684 0
-13.127 68.4644 0
-15.7211 68.138 0
-18.3186 67.8974 0
-20.9207 67.7508 0
-23.5288 67.7065 0
-26.1441 67.7726 0
-28.7681 67.9572 0
-31.1159 68.2277 0
-33.4628 68.6 0
-35.8004 69.0753 0
-38.1205 69.6548 0
-40.4147 70.3398 0
-42.6746 71.1314 0
-44.892 72.031 0
-47.0585 73.0398 0
-49.1658 74.1589 0
-51.2055 75.3896 0
-53.2545 76.7924 0
-55.221 78.3089 0
-57.1055 79.9306 0
-58.9087 81.6489 0
-60.6312 83.4554 0
-62.2736 85.3416 0
-63.8366 87.2988 0
-65.3208 89.3187 0
-66.7269 91.3927 0
-68.0554 93.5123 0
-69.3071 95.669 0
-70.4826 97.8543 0
-70.9363 98.744 0
-71.3784 99.6376 0
-71.81 100.536 0
