183
-181.476 -211.198 0
-182.506 -209.214 0
-183.409 -207.153 0
-184.178 -205.029 0
-184.809 -202.856 0
-185.294 -200.649 0
-185.629 -198.423 0
-185.807 -196.191 0
-185.822 -193.968 0
-185.655 -191.609 0
-185.312 -189.277 0
-184.811 -186.969 0
-184.17 -184.683 0
-183.407 -182.419 0
-182.542 -180.173 0
-181.59 -177.946 0
-180.572 -175.734 0
-179.505 -173.536 0
-178.407 -171.351 0
-177.076 -168.758 0
-175.726 -166.181 0
-174.358 -163.62 0
-172.971 -161.075 0
-171.565 -158.547 0
-170.14 -156.035 0
-168.696 -153.54 0
-167.233 -151.061 0
-165.75 -148.599 0
-164.248 -146.154 0
-162.726 -143.725 0
-161.185 -141.314 0
-159.623 -138.92 0
-158.042 -136.543 0
-156.44 -134.183 0
-154.819 -131.84 0
-153.177 -129.515 0
-151.514 -127.207 0
-149.831 -124.917 0
-148.127 -122.644 0
-146.403 -120.389 0
-144.657 -118.152 0
-142.89 -115.932 0
-141.102 -113.731 0
-139.293 -111.548 0
-137.462 -109.382 0
-135.61 -107.235 0
-133.735 -105.107 0
-131.84 -102.996 0
-129.922 -100.904 0
-127.982 -98.8309 0
-126.019 -96.7761 0
-124.035 -94.74 0
-122.028 -92.7226 0
-119.998 -90.7242 0
-117.946 -88.7446 0
-115.871 -86.7841 0
-113.773 -84.8427 0
-111.652 -82.9205 0
-109.961 -81.4196 0
-108.249 -79.9437 0
-106.51 -78.5059 0
-104.736 -77.1193 0
-102.922 -75.7968 0
-101.06 -74.5515 0
-99.1448 -73.3963 0
-97.1684 -72.3443 0
-95.1422 -71.413 0
-93.0585 -70.5989 0
-90.9258 -69.9048 0
-88.7525 -69.3333 0
-86.547 -68.887 0
-84.3177 -68.5688 0
-82.0729 -68.3812 0
-79.8212 -68.327 0
-77.3048 -68.4261 0
-74.7985 -68.6906 0
-72.3102 -69.1159 0
-69.8478 -69.6975 0
-67.4189 -70.4307 0
-65.0315 -71.311 0
-62.6933 -72.3338 0
-60.4123 -73.4945 0
-58.1961 -74.7886 0
-56.0526 -76.2115 0
-53.9897 -77.7585 0
-52.0151 -79.4252 0
-50.1367 -81.2069 0
-48.5576 -82.8813 0
-47.0782 -84.6362 0
-45.7159 -86.4654 0
-44.4881 -88.3627 0
-43.4121 -90.3218 0
-42.5053 -92.3364 0
-41.785 -94.4003 0
-41.2687 -96.5073 0
-40.9655 -98.6676 0
-40.8628 -100.858 0
-40.9364 -103.071 0
-41.1617 -105.3 0
-41.5143 -107.538 0
-41.9697 -109.778 0
-42.5035 -112.013 0
-43.0912 -114.237 0
-43.8552 -116.933 0
-44.6624 -119.601 0
-45.5115 -122.242 0
-46.4014 -124.858 0
-47.3309 -127.449 0
-48.299 -130.016 0
-49.3044 -132.561 0
-50.346 -135.085 0
-51.4226 -137.588 0
-52.5332 -140.072 0
-53.6764 -142.537 0
-54.8513 -144.986 0
-56.0565 -147.417 0
-57.291 -149.834 0
-58.5537 -152.237 0
-59.8433 -154.626 0
-61.1587 -157.004 0
-62.4987 -159.37 0
-63.8622 -161.726 0
-65.2481 -164.074 0
-66.6552 -166.413 0
-68.0823 -168.746 0
-69.3155 -170.73 0
-70.5676 -172.704 0
-71.844 -174.661 0
-73.1499 -176.596 0
-74.4909 -178.502 0
-75.8722 -180.375 0
-77.2993 -182.207 0
-78.7774 -183.993 0
-80.3121 -185.727 0
-82.0507 -187.549 0
-83.8569 -189.307 0
-85.7251 -191.003 0
-87.6502 -192.642 0
-89.6267 -194.227 0
-91.6494 -195.763 0
-93.7128 -197.253 0
-95.8117 -198.7 0
-97.9407 -200.11 0
-100.095 -201.485 0
-102.268 -202.83 0
-104.455 -204.149 0
-106.651 -205.444 0
-108.928 -206.765 0
-111.211 -208.063 0
-113.501 -209.336 0
-115.8 -210.582 0
-118.111 -211.8 0
-120.436 -212.986 0
-122.776 -214.138 0
-125.133 -215.254 0
-127.511 -216.333 0
-129.91 -217.371 0
-132.333 -218.366 0
-134.781 -219.316 0
-137.258 -220.22 0
-139.765 -221.073 0
-142.303 -221.876 0
-144.876 -222.624 0
-147.177 -223.235 0
-149.497 -223.781 0
-151.83 -224.24 0
-154.168 -224.591 0
-156.502 -224.812 0
-158.825 -224.882 0
-161.13 -224.778 0
-163.408 -224.48 0
-165.652 -223.965 0
-167.737 -223.265 0
-169.767 -222.368 0
-171.725 -221.29 0
-173.596 -220.047 0
-175.363 -218.654 0
-177.01 -217.127 0
-178.519 -215.482 0
-179.875 -213.735 0
-180.439 -212.908 0
-180.972 -212.062 0
-181.476 -211.198 0
